INDEX OF PLAOES.

01991914 498,689. [0199191110191611199111922
39199] 1191111199396
1199191199, 649. 01911911 ,Essem 9999199949. [019191919669]
W991ding9seld, 9141931414, 614, 0191119199, 329. [0191969199
622,624,670.[0191(1111ςῆ9111, 119119]
81139111] 019119 70.[1191199,Ε9991.]
1199199919909. [1119699111 01911999991191,368
Κ9119.] 01919996169,109.[1119111619919,
1199119991 ]07d 11199Ι 9111,] 64, Surrey.
919. θἰιΠΙ’119411199199141. 919999, 79 [1199999919]
1199191111,019191111,223. [01919919 Hwess' 91111,[01999111’ ,230
8111199.]600019’91111ις9911 1199911]
Ἥ141,999.[11999,999 1191119411· 1919991149,
9 911
1199141911, 1191496919,176,382. 0199969091111999691113, 1199961119,
1199111919,170,171.[01914991, 019996 99, 39, 40, 07, 442, 447.
1111199] ijestmy 9901999999.
77011999917. 09991,9673[11199919)1,9ι11611639.]
0199991 9ς,494.[1119911’991999, 11999911999911119991119119991,111999-
3911911] 1911119991,11199911191199991111111,08,

0191111161,]427, 487. [1194111919 196, 199, 290, 361, 362, 368 ’2102
90909. 499, 419’ 449, 941,’ 599' [113149
01919114, ,[0191191111 river, 1111119999]

1111991119 0199911999991,64. [0199911ιὶ1999
0191119111 d9, 398, 394. 01999999]
019199691119,91.[117919699119,01911 019991119111,83.

. ² 9999] 1119991111, 204. ῢ991911μ1919999]

0191911,488.9119111 Η91ι99. 01999411, 660. 01999911 Norfolk
0191199, 264, 38. [119119 119119] 01999111, 647. 999911 89939149
01911111 ,019 498, 060] 01999111, 264, 2,672. [01999919

01911911,Ἠ919’4ἓ;’” 89119119]

91969194, 76 [ 91116199,Μ1(1-0199911919’9111,393 [11999 01919-
011611111111,616. 011410111ἓο00][111991991919,119199]
1191199949403. [119119999111199919] W93ering9979 Weddreringesete,
1191199119 civitas. 899 011119911- 11161111ζ ]672. [099694139999 Suf-
011660111404,498.[119911911,01111699919,640 [11169919 War-

Β99119] 1119119.
1199391999999991, 1199991999999-11119,,000011911,119.19999]

991, Weo 097n9999t97, 11999119- 0119 ald 462. [111191119140191-

9999991,1 991, 1111 7971· 1119199.

9999991, 9999991, 119- Η1119999, Η1119911,01199191199, 23
99999319, ,99, 99,94‚97,100‚ 99 99² [11. 12991199109999 91
119,119,1’99,’191,141,’199,149, 1119194991.

167, 188, 212, 376, 899 434, 439] 0119919941, 21.
440, 441, 446, 616. 0191994991] 01111911, 666. 1119116991 8939119]
111ἕὲ1111191111, 39'7. ellington, Wiceneford, .[1119’919]’9191,0191-
9 999.
eothehop 991.79 01191 621 19111914, 39991.

1019 9. 01.... 9 9 ...
9911119 n,

11119ἳί9949, 614 [01119999991891- 9111] ’88
fo ] 01196491,64.[1111911119111,Β911191

1119196119448. 0119114111,217.[111191169111,Κ9119

1191961994911,212[3194911,1191- 0119114111 663. [0119111919 89
9999] 1119191] 2

 

