670 INDEX OF PLAOES.

1450434143133144411344343204ΗΗ206 1141441444, 616. [1411444 1114-

44 444, 4

s 1444114444260. 1 1144444441, 601. [Fundam
1441411144,146.Ν411411,]
144441441,146. 1441411114414] 11441141, 11441441, loe, 172, 201
14444141, 482. 4414 Κ,441.[[14411111,1111114]
1414441444,1414441444, 7,110,121. G
14480οη1 ΚΘ1116144411] (14341441, 640. Ι
141464441,146[,.11411444431 (143143,(131434,04.[(11434,34414]

Η4414] (1444444414161.

14111444, 489. 141 1444, Sum (1441 (S pedm (14), 368. [81Ρ4-

1461444223 411,11144144 1441 41111441]

1441114,222,[144144114414 (144441414144, 668.

4444414041, 444[43444144 4, 44444, 166' 44434 4444]
Β4114] (14141114, 4821141144 44443]

1434414114 443 (14144444408[44444(1444,

4666616, 443. 444198]

14444116441446ζ[444444,44-614441”’75“ [ῩΜΜ

44ΞᾸ14444 [444, 6666- 4411441464 [1441914413
144441444668 4668383141μῶ ,.]Νο41411 gtfflomssss δα) 1410131441ῗῶ-
Femoesford 44411444, So- 4414411

44434] (144441444414, 373 [6444441441

nim& ’Μ [mm 4414314, ‚.646 344443, 44-

1141444144, 886 [1141441443 1411(

ΠΙ41444144360 (11114 3114,,488 684, 637. [1114143
11304Ἓ1441,448.5[11441443,11144·0134131ἐ4ἶα]308,404. [14113304-
11441412 3114411441] (4411444643474. [0474441634
1414444144 4144144, 08, 99, 824, Ε4444. 1

444, 46, 441 [4144444 4444338314443444

11441. (1111143883[[(111114431414,44·

444 344 441]
1441444144,19’. [0441131146 (1114344254. [otum 11441411]

8444444] (1144444, 617.

1441441144,1(11. [14411443 Sur· (1144114341441, (114444341431,
441,444.11”14θ11144141446446ω47
4066'644.[6014,166606.] 61’6, 6'16, 4ἵ44 [441441ιὲ
Fordw1‘6‚ 80, 36, 86. [14444141 8444444]

114413] (114444444144, (114444444144, 6144-
144444 671. 4444144, 64, 180, 215, 452, 615. ¹
1444144444411334, 874. [6144444144]

114464441414, 604. (1444141334ῗῶ . [0444144143.

1444441414, 623. 844443 246 [Gudmy' so·

14411433, 604. (144444

14181414, 564. [1111144 11441411] 444441Η

11444416311444411444414] (14444131265.[(14441111,Κ4411]

1444411414, 62 4641414114 (14444444 4414441, 84.
113114144,606[ (1474646411. (1444413, 64. (144443, Β4414]
13441622.[1413411,14444.](1644444,140.

 

