INDEX OF PLAOES. 683 ι

Ι 2201110110,294.[2211111)011100,Ῑ)01- 2211101110,358.[22001111011,Κο111.]
2162666011), 494 2626661662213, 214.
220 0011110101,172.[22011111110101, 221111001ᾱὶ311011,2204.

1110] Wulfhlyp, 395.
1101013,260.11011,16101] 2211110016 448.
220811113011010,1,502.2211110 1,04 446. [2201101103
22100111ηο3 596 21011113, 0011111] 22010001.

115111,.59[221011111113110111,2201101110111106511515

2212220110] 1211111016, 631. Wnsord, 1101011.
2110110001γο0 109. 2201111062 530. 11161016,280111010.
2210000100100,113. [worcester 2216001101, 448.

2201110105, 2201111010, 393, 404.
22222222 1,.153 [2211113101,80- 223111Β115111,2514 [2161111010 Suf-
111010. 0 ·
Wu ,.520 [2200611010 2201111111511, 513.

οΞ1661112,00, 010. [1000- Ψ11ἐ12121112111162126122222 22
ury 01011.

2206012016 0601016, 393, 396. Ψῖ266211022026261621ὢ222222222222

WWWW ynan, 549 4 0101011]
01001111 [Wood- WK 11001051, 54 [221211001ογ, 1101-

2262661216229252222. [22001101126Ξ112061γ12548.[211110111111101-

2262612626 284 0011011, Barka] 2111121011, 222

Wffllglm' 30.[1200601100101, 223111111527.

2206111016,186 [2200612016 So· 222222 2222 .

01123, m [001102

Essem]5 2111000161, 521, 522. [1111110011
221161111111,44. 22001100 110111] 81160110

wffihffgnffilm 1,.011 [1101 mam, [0100111101]

 

