INDEX OF 01440100

Κ15511113Κ 551,

11555155

01515355 [0555153Η5151
015565, 467.[01ι55555,ῃ8.6515515

,.651 [[015551153,Ε5551.

015515 5115,529[. [0151151555 65·

01151511551515, 0155155 260, 486,
000. [01010,fla110]'

015511133595.[[015153,1.1555155.] 0511535565, 595.

0151355, 406. 0155955 wilm]
015155555, 600.

01555, 451. [01555 65505165]
0111565609 [0111555, 115555]
0111565, 496.

01115515, 610 ’]1)5555
01155ῶὲ 254, 0ιι.[0 555,

00 .... 511115]
011ἑὲ,]448.[01555 Prior, 2951-

015155115, 0151115551 0151551555,
51015115, 555515, 00, 41, 40,
555555,5’5

01 sppahm ,¹00 4013 [610th
,[080014pton, North
[0155615555]

Olopp

⁴ [6511.

1165111515 [5535555

1101100655, 41, 40, 51555.
[5511555511]

0555555565 546 ί5515551511556,01551611θ8217

Goffud, 526 [0551111516 651-
0561κ516,149,150. [0561516
0565111155, 0565511555, 196, 297.
0565555115, 91 [05611511 6551-
5611 100

0555551516, 520.

0511555155, 54.

05151516, 506.

0515555, 610

05155535 55115, 694.

Ooleshyll, 564, 565.

effingam, '.501

⁵ (5Εῇ 400. [555355

067

595.[115551555, 0515, 507, 526, 570.[ [6511505155

0515155115, 051555115486666.
[0511553555115555]
constance, Constantia, 441, 647.
[0555511555 1115155565]
0551115513, 15. [0550515135 Wor-
05656161516517. [851115ιὲ6εεῖ1]
amn 5 15-
]05016161115, 286, 666. [05155511]
0515555155, 111. 0515551511, Ι

11515555140055555655515]
05555551516,10.
0555551565, 546.
0551155, 506.
055551, 595. [05555311555155]
05555515, 651, 656. [05155515
0151515115.
0015511ῗέι 82972. 0 Κ
ra 555

5511511151 5' ]
01555555151), 155, 264, 266.
[0155551555 651555]
0155655536, 495.
01]]15565ὐο116556501, 665. [Ore-

ton 5555
010 151 55 00 00, 400.
[0155150515555]
0155551551,16. [1155511151 Wor·
Oromkrss 212, 446. [01555555
[55531515 115115.
556, 56, 81, 82,
85,594.[ιο51115(1,1.1555155.]

015515, 488. [0155151556515515]
0155651115, 0111565155, 489, 526.
0156555635191.
0566555565111.

0551515515 686.
5515115555. [55551-

von. ]

555155, 55555, 00 [55-

ham, 01115165
0511(Ἒέ;55,,,20,1,205.[0551153,
05115611 446.

omnim [55555 55-

01551556, Oro

’ .· 0511153555155, 495. [Collingbourn² (lumb, 76, 656. [0551115 Κ551.]

(hunb, 295. '57⁰⁰me ,6551511.]
0551115115 1 264266.[0515[1-
555 Β151ιορ, 6551515]

 

