682 INDEX OF PLAOES.

0111111111,οῙ1111111111,264, 382 1011111161111 161.
ν,[00111111311111,11.Ν11111 0011111111, 362.

ἕ1111,,238,242. [wklmo,Wsinffiel'd,.580 [1011131113 Sur
111111

01111161, 406. (1113111, Ham] 1011311111, 358.

0011111111, 627. 1011111111, 403.

0131,11111,311]111,140.[10611111161,10111131116,647. [1011131113 Der·
Β j

10161111131111111,122.101111611111111,11111111111, 011-

101111111111,123.11111 1111111, 112, 186, 213, 231.

011111111111,Η1111111111111 11111-0111Μ1111111111)05,144,162,

555, 520, 528, 525. (111111- 58, 111, 225, 251, 252, 255 258,

11111111,81111“1111.] 322, 332, 488, 407, 400, 613, 628,
- 0113311161,547.[011311111, Lei- 563, 664, 668, 588, 581. (111

1111] 11111111231, 232, 321, 408 ,613
W 11 3116111,463.[001113111111, 3353411111111111110231231,

1111.

0013111 601.[071“111111,3111-·10111111113111111,606.

11111] 1011111111, 383.
0111111113,ωο [01111 1011111, 1111381111,,516.[101111111,111-

111
00111611166111,320.[0111111111111,10111661,644.[1011111,1111111]

01711θ11οῤ160.1,11(1111 0111101ἳὶ62οω 11111118,111111]

will) 1113116111,57. [01111 nm, 0011111111]ῃό [1011111111
011111.0011111131111,811111111

01111, 51ng148142,150,488,1,15155115112, 200. 111111,
4.(1111111111.]Η111.’]

11113113, ,111 (1111118113111-11111113111,.111 [5255555
co 11111

001111111111131.1111111161,610,640.[1011’1011

1001111116111,670.[101111111111, 1111111έέ
Suffolk.] 1111111111 ,,110 [1061116113111111

, 0120131161161,0111111111611611,,Η1Ι1111111111,200.[1011111111

ants

0131,11111111111116,660.[00111111111111,1111111313]646.. 11111111111111]

1111 wite 1

0111111113]111116,567. [001111113-10131 1,146.
111111,311111111.] 10161316 185, 187. [widl5‚

1111111111111111

01111111,10111111111,10111611,107, 0013131111,186.

108 156, 264, 382, 533.[ 00[111111, 1013131116186.

1131] 111111 11111.
1018ιί11111, 660. 1011111111. 0011111 211'1,580. [whittingham
0011111111, 571, 67. [Wim ish, S 11111]

1111111 001111111111,]600.[101111113111,
10111113111111,214.81111.’
10111111111,14.[0011161111111 00111113, 1111113, 212, 440.

(11111),1)111111] 1011111111, 281.

Winoeleumb 60, 76, 142, 143, 0116116383. 1011111161, 1111111111
111,,1111111111101111101111111,1’.4 1111111111
111

10111111111, 404, 416, 423 10111111111111, 404. [1011111111111

Ψ[0011161111311111] Ham]h
1111111116111, 383 1011111111 64.

0011111161,306.101111111111111,502,527.

 

