678 INDEX OF PLAOES.

sedu'muffb' 16899 [81111113111111,ΒἚ19ΠἏ111111.’159 460 [sm
Ν1111.]6ω’ 81411411,103.]81111113,(11111111]
811311111111, 1111113181 31,]311111 ,919, 448. 33331331, 333. mk& 331331.
11118911Μζ4111181111] 1111111111 stanton, ’sonfm
8111, 10. Son 99111111. 8111113599. [8111111311111111
8111111111, ,491.[ ,-8111 813111331333111, ,,395 [81111111
ate 1
8111111111, 45, 79. [81111 ,.8111111] 8113111111,85.[811[111111,111-
Sem 11311111,104,[1115,594.11111.]
[em 1113111111111111131] sta 1111111,904. [8111111111131,
81111, ,,909 [8111811111
8113111111, 149. [8 113111, (111111- 81111111111115, 565.
11111 83111111,563,581.[811111ὠ,
811111, 1111 35, [81111 11111] 111111]
1111111 1111,111111]’ 1111111111, 111
81113111111,99.4 8111111111, 953. [8111111113,Η11111]
8111311111, 89. 81111, 498. [8111 1 111111]
819111111111111111,498 8111130191. [811111,(1111ω11.]
8111111181 010 [8141111111,1)1101.] 81111, 811113, 500, 509 518, 590,
11111,111.1[11111,111111.] 111,σ11,111,1111.[1ω1ὲ,1ι1’-
8111113131,100,998. [8111113 813311111.
Κ1111111,1 900 8111199911]
81131330 331μό3) [8111111113 8111133443. [811111 Wor-
11111
8111 ,954, 989. 8111111111, 993. [8111111111 11111-
81111111,104.[811111111,111111111.] 1111]
811111111111,149. 8111111411,190.[81111111111,Κ111]
8111113111, 05. Summa, 11111. 81111111, 8111111, 954, 383, 599.
811 well, 383 8113111111, 0111111. [81111111 Ν11111111.]
81 111111, 547. 81111111, 448. [8111111111 11111111. j
8111 1111381011 11111, 904, 8111111111, 374. 8111111111, Hem,
905, 509. [81 1111111111] 8111111111,145.811111113,111111]
1111313111, ,.155 [811111311111813111111411 11111111,
1111
81115111,959,[811111111111 191111] 81111111, [81111111 ,9911111111] ,
1111181119 [my 111-111111,1’111’[111ἐ111,11
soffia, e, 85 [8111111111,111-8111111’833.33,[811111Ν1111111.]
11111. 8111191111, 134. [8111111111 01-
81 1111,18 19, 946, 359. 111111] 1
[11,,11111Γ1111111111 520, 525, 555.
ο 11311113 55. [1111113 111- S 3333131111]
8311111590. [831111111111111111] 8111111111,487.81111111,0111111.] ]
83111, 64 [8 1,Β11111.] 8111111111, 509. 81111111, 11111.
811111111111111,459ΘΕ 8111111111, 583. [ 11111111111111 .]
mw4892ss⁰oe404 ,811385811] Stgoeffimsmffin' [8111111011, 1
o

88111111111111] 811111,19,[811111,8111111.]
S 1151, 85. 8111511111, 595.
8111111111, 304. 81111111, 11111111 81111,54. [81111811131111]

811111ιὶ1, 498. 81113111, Horta? 81111, 919. [811111 (river), (11111-
8111111111111 9. [-, 8111. 1111.

8111311, 394 8111151199. [811111(11111),Κ111.]

 

