INDEX OF PLACES.

[Nam 90 italica are oonjodural, 006 [0001606 only 00 0001055]

Α· 90000660, 500.

, 51100600, 51100660, 7911006110, 9000000110, 404

5110066010, 11, 63, ’87, 191, 199, 1900000110, 591
193, 909, ”9”7”6, 978, 979, 989, 379, Εο0 AEffiffaf’ ,449 [50131010. 991110]
549, 553'. [5110136ψο0 ’80110 00,010 358.

1010101511010010] 90010010, 497.

51001110, 595. 5010 0808011] 19001110, 488. g

5110100498. [ ι5”,.Ηο010] 7900010011, 14

5’010’5,” 50015, 501015, 7110105, 54, 7901001151] 567. [9001110010

97, 161 383, 585. [001105, 510151]

81111051 1950110100, 389.

5’.0105, [001105 8109016] AE 50100160605, 991.

Α’,00110 546.[0010101,8106016] 9101100011,’395

5000, 433. 9101000010,

Α*0101,546.[0000,Μο15001]100010,10’1’1,40100011,.80105]

56103100, 85. [5661031001101111- AE 501016, 5151016, ,513
mn] Afene, Avene, 139, 919. [51οο

56 00010946. 115011]

0100010, Donet.
100, 800101οο1

51106001011, 496, 576, 605. [Α 1900115101109. [501010190οἻ

7910010300, 140. [5001030100- 56001401, 403. [530100600- ·

1001100000. 13111116’61”[00010,0001
1911011030, 358. 00111]
AEfredun, 574. 5110000(8 .,) 374, 498, 549, 550,
Ιοἓξ611, 597. [5510011015 [11848Μ5]85, 589. [s't. 5111001,
00
1101306516, 930.[ [,55100001111 51ἱ1Ιο01501, 999. [5160011000
011 0101. 0110 .
10110001 ,000 [151001000150010. ¹¹¹3ss
eres? Alorcum, 149.
10010 909.[551001016,11001] Α]0001650150,545.
001016, 599. 5111οΜ00 644. [5151103100
191000111383. [5510000111,1)0500’.]
AElfforsshhhffl 5130111110,85.[513011111,Ι110·
00 un
19111061031110,547.[51110100,1)01- All-h 000’0,110101379.
10. 4.
0 00
...110040105οΜ
1910011110, 393, 395. [91501100] Wi40.]’
90001016, 979 5010110100, 595.
19550115,’.547 [5551015901150] 5061060, 006106, 65, 916, 358.’
955100310160.[Αο6156101001,’801’105,8’00001,
90000300, 489. [9001103 801105] 006 9001]

41004 μ’

'Q

 

