INDEX OF PLAOES. 673

1611166. 1015, nem 11661161661615616Ἥ ⁵2¹¹
115556, 429514. [1151151111 1555511] ,855511.] 155555,1310011[155555,.91555551]
111551515,11155,[Ι1153, 1556356511,1321

1111151]51 15511, 151], 530, 546, 610.
5315161111.[11111513115115,,11551511.] 15513151515551111 111516115111555, 119, 204
- 1111156666665,594, [515155556515151555156564
11111311ῗ11496111ι1111,ι1111171[11511151ρὲι1,1851115111] 113781[155151555551556,855115]
5555551111155515511 1 1651611446, 691. anch ,Woreest.]
1535551655, 74. Leodride,488. 5115551556, Sur-
666616461111111 156’ 11’1,65515335 581.

15616355 5516, 395.

Ὕέδ30611108 [·Lnken 165161666603358.[1551515555,Κ556]
5... 1155 555555, 55155 45, 55, 373.
156611165101511661116561111]
1555655, 522. [1551153655 11635556, 173.1111111]111.1661556, 97111511
555551] 1661556 8555555

15555 ,1.5555, 296, 205. [15555 11355, 1111396133 [1151515551]Β
855155. 15531555,5261[1531ι555,55511.]
[5351511151 ὲ1151116.1511111194.[15555115315955-

bamah} 651111111155181115115511111111115551555 11551555, Limine, 20 21,
eo ο 51

L1men 51555), 115551

5.1.1.151.1111..,45 [1:5255555, 55111,,11115, 99, 1751555...

Lambburne, anbnrne, 489, 519, Η1155,.563 [1155111565
[15565515,Β5515] Buc.
1555555355556. [15556565,Ι.1561)5ο5 ,595

8555551 115655533448 ,[165651635, Wor·
155555555655,119. [Lumboum- cent]

5., 1111551.ἓέ 55555, 915. [55555

1111115515.1
Len 1511155149,
1553556555, 486. 1111135656,448.
Langundun, 547. Lissingto 5, 525
516 ,,15553551516 155555- 1151515488, Litton, 11555515]
15648048] 482 501 [1553- 155155151553.
5516,Κ551, 1551555155, 452 [1515153195-

635, 1161661566111 110 1561611666 66[1566515, ,,Ν55151111
15153515 111ὲ 383. 16115165, 594, [15515915511551
11111555, 6.99 [155315555,851-55551]11111
56165555. [5585555 51111565

..1151 5. ...,5. 5....] 65111111. W* ³⁰⁶⁸]
5535554. ...51555555 5555515555]

511ἓ11111μ1115, ,.55 [nomm

,,11155555 86,
5515555161, 198, 222,

25

 

